0.000000000000000000e+00
3.839880738807388383e+01
4.839749107491074653e+01
5.568423414234143110e+01
6.152555545555456007e+01
6.645532395323952812e+01
7.075751247512475572e+01
7.459682526825268667e+01
7.808401174011740409e+01
8.129006510065100599e+01
8.426894018940190278e+01
8.706039320393205116e+01
8.969566115661156402e+01
9.219178241782417160e+01
9.457715427154272447e+01
9.685745617456174728e+01
9.905256622566226099e+01
1.011681638816388187e+02
1.032127683276832784e+02
1.051977384773847746e+02
1.071287537875378746e+02
1.090086539865398549e+02
1.108431185311853113e+02
1.126406666066660733e+02
1.143984584845848502e+02
1.161250133501335142e+02
1.178231709317093276e+02
1.194929312293123047e+02
1.211399736997369985e+02
1.227642983429834374e+02
1.243687448874488695e+02
1.259533133331333374e+02
1.275265228652286424e+02
1.290826940269402883e+02
1.306275062750627569e+02
1.321637993379933960e+02
1.336887334873348721e+02
1.352079881798817951e+02
1.367215634156341650e+02
1.382266194661946770e+02
1.397316755167551605e+02
1.412338918389183959e+02
1.427361081610816314e+02
1.442383244832448383e+02
1.457433805338053787e+02
1.472484365843658338e+02
1.487620118201182038e+02
1.502812665126651268e+02
1.518062006620066313e+02
1.533424937249372704e+02
1.548873059730597106e+02
1.564434771347713706e+02
1.580166866668666898e+02
1.596012551125511436e+02
1.612057016570165615e+02
1.628300263002629720e+02
1.644770687706877084e+02
1.661468290682907138e+02
1.678449866498665131e+02
1.695715415154151344e+02
1.713293333933339397e+02
1.731268814688147017e+02
1.749613460134601155e+02
1.768412462124621243e+02
1.787722615226152243e+02
1.807572316723167205e+02
1.828018361183611944e+02
1.849174337743377521e+02
1.871125438254382516e+02
1.893928457284573028e+02
1.917782175821758415e+02
1.942743388433884490e+02
1.969096067960679761e+02
1.997010598105981387e+02
2.026799348993490071e+02
2.058859882598825948e+02
2.093731747317473264e+02
2.132124875248752573e+02
2.175146760467604850e+02
2.224444445444454459e+02
2.282857658576585891e+02
2.355725089250892665e+02
2.455711926119261079e+02
2.839700000000000273e+02
